[0.97222222 2.91666667 0.42372881 0.20833333 0.        ]
[1.66666667 0.625      2.54237288 2.5        1.        ]
[0.41666667 2.29166667 0.42372881 0.20833333 0.        ]
[3.75       2.5        3.13559322 2.70833333 1.        ]
[3.61111111 2.29166667 3.30508475 2.91666667 1.        ]
[3.88888889 2.08333333 4.15254237 4.16666667 2.        ]
[3.05555556 1.66666667 3.05084746 2.91666667 1.        ]
[1.25       1.45833333 2.45762712 2.70833333 1.        ]
[1.80555556 1.04166667 2.45762712 2.08333333 1.        ]
[3.19444444 1.875      3.05084746 2.5        1.        ]
[3.05555556 2.5        3.47457627 3.95833333 2.        ]
[0.69444444 2.91666667 0.50847458 0.20833333 0.        ]
[3.33333333 2.70833333 3.98305085 4.16666667 2.        ]
[0.83333333 0.83333333 1.94915254 1.875      1.        ]
[4.58333333 2.08333333 4.74576271 4.16666667 2.        ]
[1.52777778 2.91666667 0.59322034 0.20833333 0.        ]
[2.91666667 1.45833333 3.6440678  3.75       2.        ]
[2.36111111 0.41666667 2.54237288 1.875      1.        ]
[0.69444444 2.91666667 0.76271186 0.20833333 0.        ]
[2.91666667 2.5        3.6440678  4.58333333 2.        ]
[1.80555556 1.66666667 3.30508475 3.95833333 2.        ]
[1.94444444 3.75       0.59322034 0.41666667 0.        ]
[2.36111111 0.41666667 3.38983051 2.91666667 2.        ]
[2.22222222 2.08333333 2.71186441 2.91666667 1.        ]
[2.08333333 1.45833333 3.47457627 3.75       2.        ]
[2.63888889 0.41666667 2.96610169 2.91666667 1.        ]
[2.08333333 1.66666667 3.47457627 4.79166667 2.        ]
[3.05555556 2.08333333 4.06779661 4.375      2.        ]
[0.55555556 2.5        0.25423729 0.20833333 0.        ]
[1.11111111 2.70833333 0.59322034 0.83333333 0.        ]
[4.72222222 1.66666667 4.83050847 3.95833333 2.        ]
[2.91666667 1.875      2.79661017 2.5        1.        ]
[1.52777778 3.95833333 0.59322034 0.625      0.        ]
[0.83333333 2.29166667 0.42372881 0.         0.        ]
[0.         2.08333333 0.08474576 0.         0.        ]
[2.77777778 1.875      3.89830508 3.54166667 2.        ]
[4.72222222 1.25       5.         4.58333333 2.        ]
[1.52777778 3.95833333 0.25423729 0.625      0.        ]
[0.83333333 2.08333333 0.33898305 0.20833333 0.        ]
[1.11111111 3.75       0.42372881 0.41666667 0.        ]
[2.91666667 2.5        2.96610169 2.91666667 1.        ]
[3.05555556 2.08333333 3.81355932 3.54166667 2.        ]
[2.22222222 2.5        3.22033898 3.54166667 1.        ]
[1.94444444 5.         0.42372881 0.625      0.        ]
[1.11111111 3.125      0.33898305 0.41666667 0.        ]
[0.41666667 2.91666667 0.33898305 0.41666667 0.        ]
[0.41666667 3.33333333 0.         0.20833333 0.        ]
[0.97222222 3.33333333 0.33898305 0.20833333 0.        ]
[1.11111111 3.54166667 0.42372881 0.625      0.        ]
[2.5        1.66666667 3.13559322 2.29166667 1.        ]
[2.5        1.875      3.13559322 2.70833333 1.        ]
[1.11111111 3.125      0.33898305 0.20833333 0.        ]
[0.13888889 1.875      0.33898305 0.20833333 0.        ]
[2.08333333 1.45833333 2.62711864 1.875      1.        ]
[1.80555556 2.08333333 2.96610169 2.91666667 1.        ]
[3.33333333 2.29166667 2.88135593 2.70833333 1.        ]
[2.5        1.66666667 2.54237288 2.5        1.        ]
[2.77777778 1.04166667 3.30508475 2.91666667 1.        ]
[1.94444444 1.04166667 3.38983051 3.95833333 2.        ]
[2.77777778 2.70833333 4.23728814 5.         2.        ]
[2.77777778 2.70833333 3.13559322 3.125      1.        ]
[4.72222222 3.75       4.83050847 4.375      2.        ]
[3.61111111 2.5        3.98305085 4.58333333 2.        ]
[4.16666667 1.875      4.49152542 3.54166667 2.        ]
[1.80555556 1.875      2.20338983 2.5        1.        ]
[2.77777778 1.45833333 3.30508475 3.54166667 2.        ]
[1.94444444 1.66666667 2.96610169 2.5        1.        ]
[4.02777778 3.33333333 4.3220339  5.         2.        ]
[0.97222222 0.         2.11864407 1.875      1.        ]
[3.47222222 2.08333333 3.81355932 4.16666667 2.        ]
[0.69444444 2.08333333 0.33898305 0.         0.        ]
[0.83333333 1.04166667 2.96610169 3.33333333 2.        ]
[3.33333333 1.04166667 4.06779661 3.54166667 2.        ]
[2.08333333 4.16666667 0.16949153 0.20833333 0.        ]
[1.52777778 3.54166667 0.42372881 0.20833333 0.        ]
